           CPU0       CPU1       CPU2       CPU3       CPU4       CPU5       CPU6       CPU7       CPU8       CPU9       CPU10      CPU11      CPU12      CPU13      CPU14      CPU15      
  0:         12          0          0          0          0          0          0          0          0          0          0          0          0          0          0          0  IR-IO-APIC   2-edge      timer
  8:          0          0          0          0          0          0          0          0          0          0          0          0          0          0          0          0  IR-IO-APIC   8-edge      rtc0
  9:          0          0          0          0          0          0          0          0          0          0          0          0          0          0          0          0  IR-IO-APIC   9-fasteoi   acpi
 10:          0       3274          0          0          0          0          0          0          0          0          0          0          0          0          0          0  IR-IO-APIC  10-edge      ipmi_si
 18:          0          0          0          0          0          0          0          0          0          0          0        127          0          0          0          0  IR-IO-APIC  18-fasteoi   ehci_hcd:usb1, ehci_hcd:usb2
 25:          0          0          0          0          0          0          0          0          0          0          0          0          0          0          0          0  IR-PCI-MSI 16384-edge      PCIe PME, aerdrv
 26:          0          0          0          0          0          0          0          0          0          0          0          0          0          0          0          0  IR-PCI-MSI 32768-edge      PCIe PME, aerdrv
 27:          0          0          0          0          0          0          0          0          0          0          0          0          0          0          0          0  IR-PCI-MSI 49152-edge      PCIe PME, aerdrv
 28:          0          0          0          0          0          0          0          0          0          0          0          0          0          0          0          0  IR-PCI-MSI 458752-edge      PCIe PME, pciehp
 29:          0          0          0          0          0          0          0          0          0          0          0          0          0          0          0          0  IR-PCI-MSI 460800-edge      PCIe PME, aerdrv
 30:          0          0          0          0          0          0          0          0          0          0          0          0          0          0          0          0  IR-PCI-MSI 462848-edge      PCIe PME, aerdrv
 31:          0          0          0          0          0          0          0          0          0          0          0          0          0          0          0          0  IR-PCI-MSI 464896-edge      PCIe PME, aerdrv
 35:        168        825        698        296         24        856        744        272        128        160        488        536        744        546        881        582  IR-PCI-MSI 524288-edge      megasas0-msix0
 36:    1566215          0          0          0          0          0          0          0          0          0          0          0          0          0          0          0  IR-PCI-MSI 524289-edge      megasas0-msix1
 37:          0    1022482          0          0          0          0          0          0          0          0          0          0          0          0          0          0  IR-PCI-MSI 524290-edge      megasas0-msix2
 38:          0          0     880787          0          0          0          0          0          0          0          0          0          0          0          0          0  IR-PCI-MSI 524291-edge      megasas0-msix3
 39:          0          0          0     776748          0          0          0          0          0          0          0          0          0          0          0          0  IR-PCI-MSI 524292-edge      megasas0-msix4
 40:          0          0          0          0     722807          0          0          0          0          0          0          0          0          0          0          0  IR-PCI-MSI 524293-edge      megasas0-msix5
 41:          0          0          0          0          0     700332          0          0          0          0          0          0          0          0          0          0  IR-PCI-MSI 524294-edge      megasas0-msix6
 42:          0          0          0          0          0          0     665639          0          0          0          0          0          0          0          0          0  IR-PCI-MSI 524295-edge      megasas0-msix7
 43:          0          0          0          0          0          0          0    1139719          0          0          0          0          0          0          0          0  IR-PCI-MSI 524296-edge      megasas0-msix8
 44:          0          0          0          0          0          0          0          0     687729          0          0          0          0          0          0          0  IR-PCI-MSI 524297-edge      megasas0-msix9
 45:          0          0          0          0          0          0          0          0          0     695389          0          0          0          0          0          0  IR-PCI-MSI 524298-edge      megasas0-msix10
 46:          0          0          0          0          0          0          0          0          0          0     622355          0          0          0          0          0  IR-PCI-MSI 524299-edge      megasas0-msix11
 47:          0          0          0          0          0          0          0          0          0          0          0     586383          0          0          0          0  IR-PCI-MSI 524300-edge      megasas0-msix12
 48:          0          0          0          0          0          0          0          0          0          0          0          0          0          0          0          0  DMAR-MSI   0-edge      dmar0
 49:          0          0          0          0          0          0          0          0          0          0          0          0     611476          0          0          0  IR-PCI-MSI 524301-edge      megasas0-msix13
 50:          0          0          0          0          0          0          0          0          0          0          0          0          0     573897          0          0  IR-PCI-MSI 524302-edge      megasas0-msix14
 51:          0          0          0          0          0          0          0          0          0          0          0          0          0          0     578317          0  IR-PCI-MSI 524303-edge      megasas0-msix15
 52:          0          0          0          0          0          0          0          0          0          0          0          0          0          0          0     593408  IR-PCI-MSI 524304-edge      megasas0-msix16
 53:          0          0          0          0          0          0          0          0          0          0          0          0          0          0          0          0  IR-PCI-MSI 286720-edge      ahci[0000:00:11.4]
 55:       7619      62989      20561      68064      24402      36950     121037      61193      13119     121604      20357      80734      48883      37973     143108      58168  IR-PCI-MSI 512000-edge      ahci[0000:00:1f.2]
 56:   13289985    4186753       1030    2971277   22783852    5770055    5463354    1041590   18926234    1859026    6678049   15871233     781779    2206686   16795290   10596089  IR-PCI-MSI 2097152-edge      enp4s0-TxRx-0
 57:   12672605    5114792   42643496    5466719    5233054    4313985    2151862    3108217    4153250    1623174     743945    8245407    5898361    1885018    1238568    3034637  IR-PCI-MSI 2097153-edge      enp4s0-TxRx-1
 58:    3269101    8059793    6131945    2803099    3271166    3698796    5933355    7165055     803420    6545672     837214    3855406   29969573    6667562   12120423    2174507  IR-PCI-MSI 2097154-edge      enp4s0-TxRx-2
 59:    6808570    4358757   11108745    5112529    4935399   18862201   13794568    3511905    4714837    5449359    1825001    2245182    9599173   13997081    2390159    2266221  IR-PCI-MSI 2097155-edge      enp4s0-TxRx-3
 60:     584912   10969228    8061864    1864054    2387410    2479274    7488114    5550854    2186722   29126269    3262649   10011649    8030473    2944839   12740861    5110038  IR-PCI-MSI 2097156-edge      enp4s0-TxRx-4
 61:    2447197    8949119    7026963    5121158    8369314   10899888    3503593    2635800   38116294    2205672   10089723    4452395    7233274    1292854    2814318     523098  IR-PCI-MSI 2097157-edge      enp4s0-TxRx-5
 62:     844050   16649546      11443   19623703    6296917    5441880    6073058    4147535   10623563    1902475     602596    6639286     687930    4320370    5137264   24494204  IR-PCI-MSI 2097158-edge      enp4s0-TxRx-6
 63:   25878343   15427885    6316926    4972327      37504    4403106    3971393   10585709    9878916    9154022    4314618    2948888    1908776    6947441    4057959    4908307  IR-PCI-MSI 2097159-edge      enp4s0-TxRx-7
 64:    2136083    2338791    1494013    9590470   25337011    3383331    4381133    6905485    3195818    5341671    2522168   10025789   14504531    8006717    7975070    4995839  IR-PCI-MSI 2097160-edge      enp4s0-TxRx-8
 65:    6168632    4517865    1414916    2562802    5081010    4524864    9877089    5707454    3944175    6116468   16598935    3310075    1084260   30119075   15337016    1186985  IR-PCI-MSI 2097161-edge      enp4s0-TxRx-9
 66:    6640238    6868782     303292   22477272     125071    2768049    4857120   35139368     680483    4839122    3880737    3912576    9492242    5963523   11002480    7026096  IR-PCI-MSI 2097162-edge      enp4s0-TxRx-10
 67:     880880    5373444      26474    6977232    3362697    6127807   29652837    3150630     304735    5502768   31013283    6256943    4163419    5001740    6240882    7388968  IR-PCI-MSI 2097163-edge      enp4s0-TxRx-11
 68:   20833958    3488250   13945601    2304016    5320512    3441404    7721456    5178127   12250997    2038063   19494211   10181390      18360    3816660    8510062   16158755  IR-PCI-MSI 2097164-edge      enp4s0-TxRx-12
 69:       2148    4814586    2205481   23718960    5446584   11335857    5928648    9109548    1460260   12220121    4627209    7455130    4978376    3193989    7423254   20668067  IR-PCI-MSI 2097165-edge      enp4s0-TxRx-13
 70:     692332    8692277    3590968    9644227   19976370   23318358    3106887   13749050      69520    4195777    3512688    3116448   12346246   12966422    4303124    1513200  IR-PCI-MSI 2097166-edge      enp4s0-TxRx-14
 71:   15134060   12172300    4596476    3660561      43940    5479633    5305604    6933398    6114433   11797060    9082643   25990169    2641445    5589328    5748892    6679823  IR-PCI-MSI 2097167-edge      enp4s0-TxRx-15
 72:          2         24          2          6         26          7         24          4         10          0          0          1          0         65         48          0  IR-PCI-MSI 2097168-edge      enp4s0
NMI:       7801       9221       9407      11534      10933      10236       9988      10114       9941      11478      12486       9913      10737       9639       9025       8814   Non-maskable interrupts
LOC:  154962720  129799666  117312261  123998843  126267738  122625062  121085802  123308745  125577560  117918720  119800457  117739827  112031602  111767743  117250554  114098030   Local timer interrupts
SPU:          0          0          0          0          0          0          0          0          0          0          0          0          0          0          0          0   Spurious interrupts
PMI:       7801       9221       9407      11534      10933      10236       9988      10114       9941      11478      12486       9913      10737       9639       9025       8814   Performance monitoring interrupts
IWI:    1792582    1685058    1696636    1696395    1750781    1790796    1821336    1803564    1741624    1749977    1786247    1768630    1701053    1746004    1812038    1760758   IRQ work interrupts
RTR:          1          0          0          0          0          0          0          0          0          0          0          0          0          0          0          0   APIC ICR read retries
RES:     822007     852715     861930     890560     847586     859843     864956     815823     766628     819133     820800     993407     759876     792427     805959     754745   Rescheduling interrupts
CAL:   52591594   39517507   34489386   32044574   32296480   29856384   30734789   29407819   29277124   29227708   29353529   29790448   31062210   29519123   29544835   28767332   Function call interrupts
TLB:    6405186    7157542    6900636    6918742    8162927    7104711    7303227    6850207    6829025    6274007    6942569    6836456    7933429    7079106    6747612    6232722   TLB shootdowns
TRM:          0          0          0          0          0          0          0          0          0          0          0          0          0          0          0          0   Thermal event interrupts
THR:          0          0          0          0          0          0          0          0          0          0          0          0          0          0          0          0   Threshold APIC interrupts
DFR:          0          0          0          0          0          0          0          0          0          0          0          0          0          0          0          0   Deferred Error APIC interrupts
MCE:          0          0          0          0          0          0          0          0          0          0          0          0          0          0          0          0   Machine check exceptions
MCP:       5936       5936       5936       5936       5936       5936       5936       5936       5936       5936       5936       5936       5936       5936       5936       5936   Machine check polls
ERR:          0
MIS:          0
PIN:          0          0          0          0          0          0          0          0          0          0          0          0          0          0          0          0   Posted-interrupt notification event
NPI:          0          0          0          0          0          0          0          0          0          0          0          0          0          0          0          0   Nested posted-interrupt event
PIW:          0          0          0          0          0          0          0          0          0          0          0          0          0          0          0          0   Posted-interrupt wakeup event
