           CPU0       CPU1       CPU2       CPU3       CPU4       CPU5       CPU6       CPU7       CPU8       CPU9       CPU10      CPU11      CPU12      CPU13      CPU14      CPU15      
  0:         12          0          0          0          0          0          0          0          0          0          0          0          0          0          0          0  IR-IO-APIC   2-edge      timer
  8:          0          0          0          0          0          0          0          0          0          0          0          0          0          0          0          0  IR-IO-APIC   8-edge      rtc0
  9:          0          0          0          0          0          0          0          0          0          0          0          0          0          0          0          0  IR-IO-APIC   9-fasteoi   acpi
 10:          0       3274          0          0          0          0          0          0          0          0          0          0          0          0          0          0  IR-IO-APIC  10-edge      ipmi_si
 18:          0          0          0          0          0          0          0          0          0          0          0        127          0          0          0          0  IR-IO-APIC  18-fasteoi   ehci_hcd:usb1, ehci_hcd:usb2
 25:          0          0          0          0          0          0          0          0          0          0          0          0          0          0          0          0  IR-PCI-MSI 16384-edge      PCIe PME, aerdrv
 26:          0          0          0          0          0          0          0          0          0          0          0          0          0          0          0          0  IR-PCI-MSI 32768-edge      PCIe PME, aerdrv
 27:          0          0          0          0          0          0          0          0          0          0          0          0          0          0          0          0  IR-PCI-MSI 49152-edge      PCIe PME, aerdrv
 28:          0          0          0          0          0          0          0          0          0          0          0          0          0          0          0          0  IR-PCI-MSI 458752-edge      PCIe PME, pciehp
 29:          0          0          0          0          0          0          0          0          0          0          0          0          0          0          0          0  IR-PCI-MSI 460800-edge      PCIe PME, aerdrv
 30:          0          0          0          0          0          0          0          0          0          0          0          0          0          0          0          0  IR-PCI-MSI 462848-edge      PCIe PME, aerdrv
 31:          0          0          0          0          0          0          0          0          0          0          0          0          0          0          0          0  IR-PCI-MSI 464896-edge      PCIe PME, aerdrv
 35:        168        825        698        296         24        856        744        272        128        160        488        536        744        546        881        582  IR-PCI-MSI 524288-edge      megasas0-msix0
 36:    1565150          0          0          0          0          0          0          0          0          0          0          0          0          0          0          0  IR-PCI-MSI 524289-edge      megasas0-msix1
 37:          0    1021889          0          0          0          0          0          0          0          0          0          0          0          0          0          0  IR-PCI-MSI 524290-edge      megasas0-msix2
 38:          0          0     880114          0          0          0          0          0          0          0          0          0          0          0          0          0  IR-PCI-MSI 524291-edge      megasas0-msix3
 39:          0          0          0     776474          0          0          0          0          0          0          0          0          0          0          0          0  IR-PCI-MSI 524292-edge      megasas0-msix4
 40:          0          0          0          0     722363          0          0          0          0          0          0          0          0          0          0          0  IR-PCI-MSI 524293-edge      megasas0-msix5
 41:          0          0          0          0          0     700239          0          0          0          0          0          0          0          0          0          0  IR-PCI-MSI 524294-edge      megasas0-msix6
 42:          0          0          0          0          0          0     665389          0          0          0          0          0          0          0          0          0  IR-PCI-MSI 524295-edge      megasas0-msix7
 43:          0          0          0          0          0          0          0    1139210          0          0          0          0          0          0          0          0  IR-PCI-MSI 524296-edge      megasas0-msix8
 44:          0          0          0          0          0          0          0          0     687181          0          0          0          0          0          0          0  IR-PCI-MSI 524297-edge      megasas0-msix9
 45:          0          0          0          0          0          0          0          0          0     694209          0          0          0          0          0          0  IR-PCI-MSI 524298-edge      megasas0-msix10
 46:          0          0          0          0          0          0          0          0          0          0     621962          0          0          0          0          0  IR-PCI-MSI 524299-edge      megasas0-msix11
 47:          0          0          0          0          0          0          0          0          0          0          0     586198          0          0          0          0  IR-PCI-MSI 524300-edge      megasas0-msix12
 48:          0          0          0          0          0          0          0          0          0          0          0          0          0          0          0          0  DMAR-MSI   0-edge      dmar0
 49:          0          0          0          0          0          0          0          0          0          0          0          0     611015          0          0          0  IR-PCI-MSI 524301-edge      megasas0-msix13
 50:          0          0          0          0          0          0          0          0          0          0          0          0          0     573763          0          0  IR-PCI-MSI 524302-edge      megasas0-msix14
 51:          0          0          0          0          0          0          0          0          0          0          0          0          0          0     578085          0  IR-PCI-MSI 524303-edge      megasas0-msix15
 52:          0          0          0          0          0          0          0          0          0          0          0          0          0          0          0     592951  IR-PCI-MSI 524304-edge      megasas0-msix16
 53:          0          0          0          0          0          0          0          0          0          0          0          0          0          0          0          0  IR-PCI-MSI 286720-edge      ahci[0000:00:11.4]
 55:       7595      62984      20556      68064      24402      36950     120804      61193      13119     121385      20253      80734      48883      37973     143108      58168  IR-PCI-MSI 512000-edge      ahci[0000:00:1f.2]
 56:   13289985    4186753       1030    2971277   22783852    5770055    5463354    1041590   18926234    1859026    6646735   15871233     781779    2206686   16795290   10596089  IR-PCI-MSI 2097152-edge      enp4s0-TxRx-0
 57:   12672605    5114792   42643496    5466719    5233054    4313985    2151862    3108217    4153250    1607120     743945    8245407    5898361    1885018    1238568    3034637  IR-PCI-MSI 2097153-edge      enp4s0-TxRx-1
 58:    3269101    8059793    6116193    2803099    3271166    3698796    5933355    7165055     803420    6545672     837214    3855406   29969573    6667562   12120423    2174507  IR-PCI-MSI 2097154-edge      enp4s0-TxRx-2
 59:    6808570    4358757   11108745    5094704    4935399   18862201   13794568    3511905    4714837    5449359    1825001    2245182    9599173   13997081    2390159    2266221  IR-PCI-MSI 2097155-edge      enp4s0-TxRx-3
 60:     584912   10969228    8061864    1864054    2387410    2479274    7488114    5550854    2186722   29126269    3262649   10011649    8011304    2944839   12740861    5110038  IR-PCI-MSI 2097156-edge      enp4s0-TxRx-4
 61:    2447197    8931513    7026963    5121158    8369314   10899888    3503593    2635800   38116294    2205672   10089723    4452395    7233274    1292854    2814318     523098  IR-PCI-MSI 2097157-edge      enp4s0-TxRx-5
 62:     844050   16649546      11443   19623703    6296917    5441880    6073058    4147535   10623563    1902475     602596    6639286     687930    4320370    5137264   24472081  IR-PCI-MSI 2097158-edge      enp4s0-TxRx-6
 63:   25878343   15427885    6316926    4972327      37504    4383612    3971393   10585709    9878916    9154022    4314618    2948888    1908776    6947441    4057959    4908307  IR-PCI-MSI 2097159-edge      enp4s0-TxRx-7
 64:    2136083    2338791    1494013    9590470   25337011    3383331    4381133    6896639    3195818    5341671    2522168   10025789   14504531    8006717    7975070    4995839  IR-PCI-MSI 2097160-edge      enp4s0-TxRx-8
 65:    6168632    4517865    1414916    2562802    5081010    4524864    9877089    5707454    3933644    6116468   16598935    3310075    1084260   30119075   15337016    1186985  IR-PCI-MSI 2097161-edge      enp4s0-TxRx-9
 66:    6623854    6868782     303292   22477272     125071    2768049    4857120   35139368     680483    4839122    3880737    3912576    9492242    5963523   11002480    7026096  IR-PCI-MSI 2097162-edge      enp4s0-TxRx-10
 67:     880880    5373444      26474    6977232    3343427    6127807   29652837    3150630     304735    5502768   31013283    6256943    4163419    5001740    6240882    7388968  IR-PCI-MSI 2097163-edge      enp4s0-TxRx-11
 68:   20833958    3488250   13945601    2304016    5320512    3441404    7721456    5178127   12250997    2038063   19494211   10146502      18360    3816660    8510062   16158755  IR-PCI-MSI 2097164-edge      enp4s0-TxRx-12
 69:       2148    4814586    2205481   23718960    5446584   11335857    5928648    9109548    1460260   12220121    4627209    7455130    4978376    3177894    7423254   20668067  IR-PCI-MSI 2097165-edge      enp4s0-TxRx-13
 70:     692332    8692277    3590968    9644227   19976370   23318358    3089090   13749050      69520    4195777    3512688    3116448   12346246   12966422    4303124    1513200  IR-PCI-MSI 2097166-edge      enp4s0-TxRx-14
 71:   15134060   12172300    4596476    3660561      43940    5479633    5305604    6933398    6114433   11797060    9082643   25990169    2641445    5589328    5727481    6679823  IR-PCI-MSI 2097167-edge      enp4s0-TxRx-15
 72:          2         24          2          6         26          7         24          4         10          0          0          1          0         65         48          0  IR-PCI-MSI 2097168-edge      enp4s0
NMI:       7794       9220       9406      11532      10932      10235       9987      10112       9940      11477      12485       9912      10735       9639       9024       8813   Non-maskable interrupts
LOC:  154847053  129709371  117216494  123896938  126152323  122524615  120998079  123203822  125492593  117836092  119679165  117617528  111954136  111670830  117157424  114018627   Local timer interrupts
SPU:          0          0          0          0          0          0          0          0          0          0          0          0          0          0          0          0   Spurious interrupts
PMI:       7794       9220       9406      11532      10932      10235       9987      10112       9940      11477      12485       9912      10735       9639       9024       8813   Performance monitoring interrupts
IWI:    1791433    1684312    1695847    1695346    1749619    1789733    1820422    1802770    1740752    1749204    1785134    1767553    1699902    1745085    1811091    1759878   IRQ work interrupts
RTR:          1          0          0          0          0          0          0          0          0          0          0          0          0          0          0          0   APIC ICR read retries
RES:     821782     852504     861644     890342     847273     859642     864712     815616     766369     818921     820445     993066     759612     792135     805753     754533   Rescheduling interrupts
CAL:   52583625   39511785   34484797   32039421   32291358   29852369   30729520   29403933   29272846   29224324   29347876   29786848   31056367   29514903   29540670   28762920   Function call interrupts
TLB:    6403249    7156530    6899231    6917956    8161414    7103431    7301319    6849170    6827678    6272500    6940575    6834580    7931774    7077704    6746184    6231226   TLB shootdowns
TRM:          0          0          0          0          0          0          0          0          0          0          0          0          0          0          0          0   Thermal event interrupts
THR:          0          0          0          0          0          0          0          0          0          0          0          0          0          0          0          0   Threshold APIC interrupts
DFR:          0          0          0          0          0          0          0          0          0          0          0          0          0          0          0          0   Deferred Error APIC interrupts
MCE:          0          0          0          0          0          0          0          0          0          0          0          0          0          0          0          0   Machine check exceptions
MCP:       5932       5932       5932       5932       5932       5932       5932       5932       5932       5932       5932       5932       5932       5932       5932       5932   Machine check polls
ERR:          0
MIS:          0
PIN:          0          0          0          0          0          0          0          0          0          0          0          0          0          0          0          0   Posted-interrupt notification event
NPI:          0          0          0          0          0          0          0          0          0          0          0          0          0          0          0          0   Nested posted-interrupt event
PIW:          0          0          0          0          0          0          0          0          0          0          0          0          0          0          0          0   Posted-interrupt wakeup event
